  0.00002268   -0.00106812
  0.00004535   -0.00109863
  0.00006803   -0.00091553
  0.00009070   -0.00085449
  0.00011338   -0.00061035
  0.00013605   -0.00021362
  0.00015873   -0.00021362
  0.00018141   -0.00042725
  0.00020408   -0.00088501
  0.00022676   -0.00015259
  0.00024943   -0.00027466
  0.00027211   -0.00195313
  0.00029478   -0.00253296
  0.00031746   -0.00198364
  0.00034014   -0.00228882
  0.00036281   -0.00308228
  0.00038549   -0.00198364
  0.00040816   -0.00253296
  0.00043084   -0.00268555
  0.00045351   -0.00228882
  0.00047619   -0.00302124
  0.00049887   -0.00402832
  0.00052154   -0.00387573
  0.00054422   -0.00265503
  0.00056689   -0.00119019
  0.00058957   -0.00015259
  0.00061224    0.00152588
  0.00063492    0.00396729
  0.00065760    0.00613403
  0.00068027    0.00711060
  0.00070295    0.00750732
  0.00072562    0.00680542
  0.00074830    0.00274658
  0.00077098   -0.00341797
  0.00079365   -0.00949097
  0.00081633   -0.01678467
  0.00083900   -0.02371216
  0.00086168   -0.02844238
  0.00088435   -0.03219604
  0.00090703   -0.03707886
  0.00092971   -0.03805542
  0.00095238   -0.03549194
  0.00097506   -0.03692627
  0.00099773   -0.03793335
  0.00102041   -0.04055786
  0.00104308   -0.04751587
  0.00106576   -0.06143188
  0.00108844   -0.07659912
  0.00111111   -0.07382202
  0.00113379   -0.06329346
  0.00115646   -0.05230713
  0.00117914   -0.02560425
  0.00120181    0.00750732
  0.00122449    0.03628540
  0.00124717    0.05990601
  0.00126984    0.07714844
  0.00129252    0.08041382
  0.00131519    0.08209229
  0.00133787    0.03463745
  0.00136054   -0.01464844
  0.00138322    0.00021362
  0.00140590   -0.00454712
  0.00142857   -0.01107788
  0.00145125   -0.00717163
  0.00147392   -0.00933838
  0.00149660    0.02838135
  0.00151927    0.05014038
  0.00154195    0.01690674
  0.00156463    0.02999878
  0.00158730    0.02301025
  0.00160998   -0.00848389
  0.00163265    0.03308105
  0.00165533    0.00155640
  0.00167800    0.03372192
  0.00170068    0.03277588
  0.00172336    0.05606079
  0.00174603    0.08499146
  0.00176871    0.08328247
  0.00179138    0.12551880
  0.00181406    0.15127563
  0.00183673    0.17193604
  0.00185941    0.13659668
  0.00188209    0.16027832
  0.00190476    0.18258667
  0.00192744    0.21401978
  0.00195011    0.26159668
  0.00197279    0.21609497
  0.00199546    0.23660278
  0.00201814    0.19549561
  0.00204082    0.14703369
  0.00206349    0.13391113
  0.00208617    0.06192017
  0.00210884    0.04626465
  0.00213152    0.03921509
  0.00215420   -0.01565552
  0.00217687   -0.08392334
  0.00219955   -0.05453491
  0.00222222   -0.04739380
  0.00224490   -0.03680420
  0.00226757   -0.05844116
  0.00229025   -0.09671021
  0.00231293   -0.13641357
  0.00233560   -0.09582520
  0.00235828   -0.10052490
  0.00238095   -0.13757324
  0.00240363   -0.09359741
  0.00242630   -0.08691406
  0.00244898   -0.07919312
  0.00247166   -0.07916260
  0.00249433   -0.13317871
  0.00251701   -0.12399292
  0.00253968   -0.03927612
  0.00256236   -0.07604980
  0.00258503   -0.09219360
  0.00260771   -0.07092285
  0.00263039   -0.10208130
  0.00265306   -0.11657715
  0.00267574   -0.14184570
  0.00269841   -0.13433838
  0.00272109   -0.12045288
  0.00274376   -0.10522461
  0.00276644   -0.11270142
  0.00278912   -0.08465576
  0.00281179   -0.06146240
  0.00283447   -0.04086304
  0.00285714    0.00473022
  0.00287982   -0.01156616
  0.00290249   -0.04296875
  0.00292517   -0.05487061
  0.00294785   -0.07922363
  0.00297052   -0.10592651
  0.00299320   -0.11199951
  0.00301587   -0.13873291
  0.00303855   -0.19464111
  0.00306122   -0.22387695
  0.00308390   -0.20932007
  0.00310658   -0.17578125
  0.00312925   -0.16528320
  0.00315193   -0.16528320
  0.00317460   -0.15634155
  0.00319728   -0.14584351
  0.00321995   -0.16241455
  0.00324263   -0.15393066
  0.00326531   -0.13088989
  0.00328798   -0.13348389
  0.00331066   -0.12060547
  0.00333333   -0.09994507
  0.00335601   -0.07797241
  0.00337868   -0.08010864
  0.00340136   -0.08450317
  0.00342404   -0.10363770
  0.00344671   -0.11651611
  0.00346939   -0.12591553
  0.00349206   -0.16284180
  0.00351474   -0.17086792
  0.00353741   -0.15997314
  0.00356009   -0.15524292
  0.00358277   -0.11294556
  0.00360544   -0.04223633
  0.00362812    0.03530884
  0.00365079    0.13186646
  0.00367347    0.20275879
  0.00369615    0.21853638
  0.00371882    0.19906616
  0.00374150    0.16064453
  0.00376417    0.14614868
  0.00378685    0.15267944
  0.00380952    0.15322876
  0.00383220    0.15582275
  0.00385488    0.19796753
  0.00387755    0.25112915
  0.00390023    0.28515625
  0.00392290    0.30197144
  0.00394558    0.29678345
  0.00396825    0.29122925
  0.00399093    0.29745483
  0.00401361    0.31173706
  0.00403628    0.33367920
  0.00405896    0.35052490
  0.00408163    0.37991333
  0.00410431    0.39001465
  0.00412698    0.35903931
  0.00414966    0.32891846
  0.00417234    0.29345703
  0.00419501    0.25610352
  0.00421769    0.23913574
  0.00424036    0.24295044
  0.00426304    0.24792480
  0.00428571    0.25146484
  0.00430839    0.24884033
  0.00433107    0.22286987
  0.00435374    0.19415283
  0.00437642    0.16210938
  0.00439909    0.11944580
  0.00442177    0.07333374
  0.00444444    0.01034546
  0.00446712   -0.07101440
  0.00448980   -0.14151001
  0.00451247   -0.19775391
  0.00453515   -0.23086548
  0.00455782   -0.22775269
  0.00458050   -0.20361328
  0.00460317   -0.17703247
  0.00462585   -0.14114380
  0.00464853   -0.10299683
  0.00467120   -0.08285522
  0.00469388   -0.08074951
  0.00471655   -0.08126831
  0.00473923   -0.08068848
  0.00476190   -0.07614136
  0.00478458   -0.07553101
  0.00480726   -0.08148193
  0.00482993   -0.08596802
  0.00485261   -0.10104370
  0.00487528   -0.12011719
  0.00489796   -0.14932251
  0.00492063   -0.18725586
  0.00494331   -0.21755981
  0.00496599   -0.24041748
  0.00498866   -0.23126221
  0.00501134   -0.20492554
  0.00503401   -0.18817139
  0.00505669   -0.16381836
  0.00507937   -0.13891602
  0.00510204   -0.12869263
  0.00512472   -0.10745239
  0.00514739   -0.08325195
  0.00517007   -0.07626343
  0.00519274   -0.07339478
  0.00521542   -0.06219482
  0.00523810   -0.05319214
  0.00526077   -0.04598999
  0.00528345   -0.02081299
  0.00530612    0.00082397
  0.00532880    0.02713013
  0.00535147    0.01300049
  0.00537415   -0.00198364
  0.00539683   -0.02462769
  0.00541950   -0.05041504
  0.00544218   -0.06246948
  0.00546485   -0.06808472
  0.00548753   -0.05010986
  0.00551020   -0.03698730
  0.00553288   -0.02600098
  0.00555556   -0.02438354
  0.00557823   -0.01824951
  0.00560091   -0.02331543
  0.00562358   -0.03231812
  0.00564626   -0.01058960
  0.00566893    0.00427246
  0.00569161    0.02713013
  0.00571429    0.06503296
  0.00573696    0.09814453
  0.00575964    0.12606812
  0.00578231    0.14770508
  0.00580499    0.14154053
  0.00582766    0.12869263
  0.00585034    0.09173584
  0.00587302    0.06301880
  0.00589569    0.07965088
  0.00591837    0.08804321
  0.00594104    0.10815430
  0.00596372    0.14703369
  0.00598639    0.19284058
  0.00600907    0.20266724
  0.00603175    0.22949219
  0.00605442    0.25341797
  0.00607710    0.24307251
  0.00609977    0.23712158
  0.00612245    0.20965576
  0.00614512    0.18487549
  0.00616780    0.17007446
  0.00619048    0.14739990
  0.00621315    0.12164307
  0.00623583    0.11608887
  0.00625850    0.11145020
  0.00628118    0.09872437
  0.00630385    0.09362793
  0.00632653    0.07019043
  0.00634921    0.05914307
  0.00637188    0.05957031
  0.00639456    0.03533936
  0.00641723    0.03009033
  0.00643991    0.03851318
  0.00646259    0.03466797
  0.00648526    0.03451538
  0.00650794    0.01342773
  0.00653061   -0.00296021
  0.00655329   -0.01742554
  0.00657596   -0.04449463
  0.00659864   -0.08227539
  0.00662132   -0.11437988
  0.00664399   -0.13012695
  0.00666667   -0.16116333
  0.00668934   -0.17947388
  0.00671202   -0.19512939
  0.00673469   -0.21319580
  0.00675737   -0.22973633
  0.00678005   -0.25024414
  0.00680272   -0.26370239
  0.00682540   -0.28271484
  0.00684807   -0.29266357
  0.00687075   -0.30871582
  0.00689342   -0.32382202
  0.00691610   -0.33035278
  0.00693878   -0.32968140
  0.00696145   -0.33209229
  0.00698413   -0.33306885
  0.00700680   -0.32846069
  0.00702948   -0.32324219
  0.00705215   -0.32348633
  0.00707483   -0.32794189
  0.00709751   -0.31924438
  0.00712018   -0.30358887
  0.00714286   -0.28686523
  0.00716553   -0.26699829
  0.00718821   -0.24279785
  0.00721088   -0.22012329
  0.00723356   -0.20166016
  0.00725624   -0.19552612
  0.00727891   -0.19567871
  0.00730159   -0.19366455
  0.00732426   -0.19757080
  0.00734694   -0.19525146
  0.00736961   -0.18103027
  0.00739229   -0.17184448
  0.00741497   -0.15936279
  0.00743764   -0.14703369
  0.00746032   -0.14270020
  0.00748299   -0.13464355
  0.00750567   -0.11514282
  0.00752834   -0.07754517
  0.00755102   -0.03512573
  0.00757370    0.00653076
  0.00759637    0.04519653
  0.00761905    0.06698608
  0.00764172    0.06765747
  0.00766440    0.05529785
  0.00768707    0.04946899
  0.00770975    0.05459595
  0.00773243    0.07345581
  0.00775510    0.10079956
  0.00777778    0.13427734
  0.00780045    0.17886353
  0.00782313    0.23309326
  0.00784580    0.27905273
  0.00786848    0.30889893
  0.00789116    0.31848145
  0.00791383    0.32266235
  0.00793651    0.32431030
  0.00795918    0.32223511
  0.00798186    0.32226563
  0.00800454    0.32730103
  0.00802721    0.33654785
  0.00804989    0.36190796
  0.00807256    0.39718628
  0.00809524    0.42605591
  0.00811791    0.44754028
  0.00814059    0.46347046
  0.00816327    0.47528076
  0.00818594    0.48095703
  0.00820862    0.47674561
  0.00823129    0.46011353
  0.00825397    0.42971802
  0.00827664    0.39431763
  0.00829932    0.35708618
  0.00832200    0.32110596
  0.00834467    0.29290771
  0.00836735    0.27090454
  0.00839002    0.24493408
  0.00841270    0.21493530
  0.00843537    0.17837524
  0.00845805    0.14651489
  0.00848073    0.12881470
  0.00850340    0.12228394
  0.00852608    0.11758423
  0.00854875    0.11068726
  0.00857143    0.09912109
  0.00859410    0.08096313
  0.00861678    0.05670166
  0.00863946    0.03125000
  0.00866213    0.00448608
  0.00868481   -0.01394653
  0.00870748   -0.02374268
  0.00873016   -0.03167725
  0.00875283   -0.03781128
  0.00877551   -0.04168701
  0.00879819   -0.05780029
  0.00882086   -0.07733154
  0.00884354   -0.09674072
  0.00886621   -0.12240601
  0.00888889   -0.14099121
  0.00891156   -0.15856934
  0.00893424   -0.17227173
  0.00895692   -0.17791748
  0.00897959   -0.17932129
  0.00900227   -0.17636108
  0.00902494   -0.17196655
  0.00904762   -0.16812134
  0.00907029   -0.15505981
  0.00909297   -0.13757324
  0.00911565   -0.11734009
  0.00913832   -0.09915161
  0.00916100   -0.09188843
  0.00918367   -0.09320068
  0.00920635   -0.09945679
  0.00922902   -0.10992432
  0.00925170   -0.12051392
  0.00927438   -0.12573242
  0.00929705   -0.13247681
  0.00931973   -0.14199829
  0.00934240   -0.15228271
  0.00936508   -0.16131592
  0.00938776   -0.16748047
  0.00941043   -0.16860962
  0.00943311   -0.16693115
  0.00945578   -0.16122437
  0.00947846   -0.15277100
  0.00950113   -0.15069580
  0.00952381   -0.15341187
  0.00954649   -0.15545654
  0.00956916   -0.15905762
  0.00959184   -0.15704346
  0.00961451   -0.15002441
  0.00963719   -0.14175415
  0.00965986   -0.12591553
  0.00968254   -0.10958862
  0.00970522   -0.09881592
  0.00972789   -0.08905029
  0.00975057   -0.08758545
  0.00977324   -0.09539795
  0.00979592   -0.09790039
  0.00981859   -0.08816528
  0.00984127   -0.06854248
  0.00986395   -0.04367065
  0.00988662   -0.01553345
  0.00990930    0.02114868
  0.00993197    0.06045532
  0.00995465    0.09155273
  0.00997732    0.11456299
  0.01000000    0.12799072
  0.01002268    0.13320923
  0.01004535    0.12918091
  0.01006803    0.11718750
  0.01009070    0.10437012
  0.01011338    0.09512329
  0.01013605    0.09228516
  0.01015873    0.09344482
  0.01018141    0.09872437
  0.01020408    0.10348511
  0.01022676    0.10876465
  0.01024943    0.11459351
  0.01027211    0.11538696
  0.01029478    0.11193848
  0.01031746    0.10696411
  0.01034014    0.10357666
  0.01036281    0.10397339
  0.01038549    0.10543823
  0.01040816    0.10369873
  0.01043084    0.10131836
  0.01045351    0.09646606
  0.01047619    0.08749390
  0.01049887    0.07519531
  0.01052154    0.06106567
  0.01054422    0.04995728
  0.01056689    0.04483032
  0.01058957    0.03778076
  0.01061224    0.02523804
  0.01063492    0.00747681
  0.01065760   -0.01931763
  0.01068027   -0.05401611
  0.01070295   -0.09228516
  0.01072562   -0.13287354
  0.01074830   -0.17065430
  0.01077098   -0.19845581
  0.01079365   -0.21768188
  0.01081633   -0.22723389
  0.01083900   -0.22967529
  0.01086168   -0.22738647
  0.01088435   -0.22045898
  0.01090703   -0.21026611
  0.01092971   -0.19863892
  0.01095238   -0.18933105
  0.01097506   -0.18490601
  0.01099773   -0.18392944
  0.01102041   -0.18447876
  0.01104308   -0.18704224
  0.01106576   -0.19067383
  0.01108844   -0.19409180
  0.01111111   -0.19662476
  0.01113379   -0.20153809
  0.01115646   -0.20684814
  0.01117914   -0.21166992
  0.01120181   -0.21731567
  0.01122449   -0.22192383
  0.01124717   -0.22344971
  0.01126984   -0.22265625
  0.01129252   -0.22064209
  0.01131519   -0.21389771
  0.01133787   -0.20257568
  0.01136054   -0.19030762
  0.01138322   -0.17791748
  0.01140590   -0.17004395
  0.01142857   -0.16036987
  0.01145125   -0.15142822
  0.01147392   -0.14413452
  0.01149660   -0.13516235
  0.01151927   -0.12551880
  0.01154195   -0.11737061
  0.01156463   -0.11019897
  0.01158730   -0.09826660
  0.01160998   -0.08148193
  0.01163265   -0.06112671
  0.01165533   -0.03390503
  0.01167800   -0.00494385
  0.01170068    0.02331543
  0.01172336    0.05172729
  0.01174603    0.08068848
  0.01176871    0.11169434
  0.01179138    0.13607788
  0.01181406    0.15634155
  0.01183673    0.17364502
  0.01185941    0.18978882
  0.01188209    0.20358276
  0.01190476    0.21231079
  0.01192744    0.21972656
  0.01195011    0.22698975
  0.01197279    0.23629761
  0.01199546    0.25198364
  0.01201814    0.27780151
  0.01204082    0.30700684
  0.01206349    0.33569336
  0.01208617    0.36602783
  0.01210884    0.39358521
  0.01213152    0.41436768
  0.01215420    0.42868042
  0.01217687    0.43350220
  0.01219955    0.43197632
  0.01222222    0.42736816
  0.01224490    0.42016602
  0.01226757    0.40924072
  0.01229025    0.39105225
  0.01231293    0.37072754
  0.01233560    0.35598755
  0.01235828    0.34155273
  0.01238095    0.32373047
  0.01240363    0.30883789
  0.01242630    0.29797363
  0.01244898    0.28948975
  0.01247166    0.27841187
  0.01249433    0.26141357
  0.01251701    0.24319458
  0.01253968    0.22549438
  0.01256236    0.20709229
  0.01258503    0.18811035
  0.01260771    0.17004395
  0.01263039    0.15072632
  0.01265306    0.13235474
  0.01267574    0.11401367
  0.01269841    0.09387207
  0.01272109    0.07318115
  0.01274376    0.04809570
  0.01276644    0.02108765
  0.01278912   -0.00616455
  0.01281179   -0.03198242
  0.01283447   -0.05187988
  0.01285714   -0.06631470
  0.01287982   -0.07678223
  0.01290249   -0.08560181
  0.01292517   -0.09289551
  0.01294785   -0.10018921
  0.01297052   -0.10519409
  0.01299320   -0.10824585
  0.01301587   -0.11050415
  0.01303855   -0.11074829
  0.01306122   -0.10958862
  0.01308390   -0.10772705
  0.01310658   -0.10537720
  0.01312925   -0.10729980
  0.01315193   -0.11450195
  0.01317460   -0.12164307
  0.01319728   -0.13021851
  0.01321995   -0.13964844
  0.01324263   -0.14736938
  0.01326531   -0.15646362
  0.01328798   -0.16732788
  0.01331066   -0.17678833
  0.01333333   -0.18716431
  0.01335601   -0.19775391
  0.01337868   -0.20681763
  0.01340136   -0.21435547
  0.01342404   -0.21905518
  0.01344671   -0.22198486
  0.01346939   -0.22763062
  0.01349206   -0.23086548
  0.01351474   -0.23025513
  0.01353741   -0.22805786
  0.01356009   -0.22409058
  0.01358277   -0.21911621
  0.01360544   -0.21450806
  0.01362812   -0.20892334
  0.01365079   -0.20346069
  0.01367347   -0.19784546
  0.01369615   -0.19232178
  0.01371882   -0.18826294
  0.01374150   -0.18356323
  0.01376417   -0.17761230
  0.01378685   -0.17053223
  0.01380952   -0.16085815
  0.01383220   -0.14773560
  0.01385488   -0.13177490
  0.01387755   -0.11309814
  0.01390023   -0.09371948
  0.01392290   -0.07250977
  0.01394558   -0.05053711
  0.01396825   -0.03213501
  0.01399093   -0.01892090
  0.01401361   -0.00970459
  0.01403628   -0.00430298
  0.01405896    0.00024414
  0.01408163    0.00476074
  0.01410431    0.00653076
  0.01412698    0.00787354
  0.01414966    0.01165771
  0.01417234    0.01840210
  0.01419501    0.02890015
  0.01421769    0.04144287
  0.01424036    0.05621338
  0.01426304    0.07101440
  0.01428571    0.08746338
  0.01430839    0.10504150
  0.01433107    0.12118530
  0.01435374    0.13525391
  0.01437642    0.14410400
  0.01439909    0.14840698
  0.01442177    0.15011597
  0.01444444    0.15081787
  0.01446712    0.15133667
  0.01448980    0.15057373
  0.01451247    0.14764404
  0.01453515    0.14065552
  0.01455782    0.12585449
  0.01458050    0.10391235
  0.01460317    0.07754517
  0.01462585    0.04867554
  0.01464853    0.02056885
  0.01467120   -0.00534058
  0.01469388   -0.02841187
  0.01471655   -0.04904175
  0.01473923   -0.06594849
  0.01476190   -0.07852173
  0.01478458   -0.08865356
  0.01480726   -0.09802246
  0.01482993   -0.10614014
  0.01485261   -0.11264038
  0.01487528   -0.11746216
  0.01489796   -0.12008667
  0.01492063   -0.11947632
  0.01494331   -0.11746216
  0.01496599   -0.11526489
  0.01498866   -0.11422729
  0.01501134   -0.11325073
  0.01503401   -0.11157227
  0.01505669   -0.10989380
  0.01507937   -0.10781860
  0.01510204   -0.10699463
  0.01512472   -0.10961914
  0.01514739   -0.11529541
  0.01517007   -0.12487793
  0.01519274   -0.13616943
  0.01521542   -0.14520264
  0.01523810   -0.15136719
  0.01526077   -0.15240479
  0.01528345   -0.14920044
  0.01530612   -0.14352417
  0.01532880   -0.13766479
  0.01535147   -0.13311768
  0.01537415   -0.13116455
  0.01539683   -0.13189697
  0.01541950   -0.13330078
  0.01544218   -0.13497925
  0.01546485   -0.13519287
  0.01548753   -0.13427734
  0.01551020   -0.13070679
  0.01553288   -0.12350464
  0.01555556   -0.11334229
  0.01557823   -0.09924316
  0.01560091   -0.08383179
  0.01562358   -0.06774902
  0.01564626   -0.05010986
  0.01566893   -0.03051758
  0.01569161   -0.00970459
  0.01571429    0.00903320
  0.01573696    0.02386475
  0.01575964    0.03512573
  0.01578231    0.04415894
  0.01580499    0.05126953
  0.01582766    0.05780029
  0.01585034    0.06686401
  0.01587302    0.08007813
  0.01589569    0.09585571
  0.01591837    0.11437988
  0.01594104    0.13421631
  0.01596372    0.15679932
  0.01598639    0.18078613
  0.01600907    0.20260620
  0.01603175    0.22525024
  0.01605442    0.24954224
  0.01607710    0.27349854
  0.01609977    0.29537964
  0.01612245    0.31393433
  0.01614512    0.32846069
  0.01616780    0.34002686
  0.01619048    0.34790039
  0.01621315    0.35186768
  0.01623583    0.35461426
  0.01625850    0.35684204
  0.01628118    0.35714722
  0.01630385    0.35534668
  0.01632653    0.34985352
  0.01634921    0.34121704
  0.01637188    0.33032227
  0.01639456    0.31771851
  0.01641723    0.30593872
  0.01643991    0.29327393
  0.01646259    0.27862549
  0.01648526    0.26373291
  0.01650794    0.24914551
  0.01653061    0.23388672
  0.01655329    0.21856689
  0.01657596    0.20455933
  0.01659864    0.19088745
  0.01662132    0.17691040
  0.01664399    0.16171265
  0.01666667    0.14550781
  0.01668934    0.12713623
  0.01671202    0.10604858
  0.01673469    0.08392334
  0.01675737    0.06201172
  0.01678005    0.04281616
  0.01680272    0.02502441
  0.01682540    0.00885010
  0.01684807   -0.00674438
  0.01687075   -0.02331543
  0.01689342   -0.03860474
  0.01691610   -0.05334473
  0.01693878   -0.06686401
  0.01696145   -0.07791138
  0.01698413   -0.08660889
  0.01700680   -0.09240723
  0.01702948   -0.09429932
  0.01705215   -0.09402466
  0.01707483   -0.09191895
  0.01709751   -0.08883667
  0.01712018   -0.08731079
  0.01714286   -0.08596802
  0.01716553   -0.08489990
  0.01718821   -0.08627319
  0.01721088   -0.08969116
  0.01723356   -0.09634399
  0.01725624   -0.10638428
  0.01727891   -0.11895752
  0.01730159   -0.13531494
  0.01732426   -0.15472412
  0.01734694   -0.17312622
  0.01736961   -0.18911743
  0.01739229   -0.20254517
  0.01741497   -0.21224976
  0.01743764   -0.21838379
  0.01746032   -0.22106934
  0.01748299   -0.22125244
  0.01750567   -0.21929932
  0.01752834   -0.21609497
  0.01755102   -0.21279907
  0.01757370   -0.20907593
  0.01759637   -0.20574951
  0.01761905   -0.20385742
  0.01764172   -0.20413208
  0.01766440   -0.20397949
  0.01768707   -0.20281982
  0.01770975   -0.20022583
  0.01773243   -0.19674683
  0.01775510   -0.19290161
  0.01777778   -0.18826294
  0.01780045   -0.18301392
  0.01782313   -0.17630005
  0.01784580   -0.16818237
  0.01786848   -0.15750122
  0.01789116   -0.14379883
  0.01791383   -0.12985229
  0.01793651   -0.11563110
  0.01795918   -0.10293579
  0.01798186   -0.09277344
  0.01800454   -0.08428955
  0.01802721   -0.07827759
  0.01804989   -0.07403564
  0.01807256   -0.06970215
  0.01809524   -0.06481934
  0.01811791   -0.05938721
  0.01814059   -0.05157471
  0.01816327   -0.04177856
  0.01818594   -0.03118896
  0.01820862   -0.02032471
  0.01823129   -0.00851440
  0.01825397    0.00567627
  0.01827664    0.02346802
  0.01829932    0.04315186
  0.01832200    0.06362915
  0.01834467    0.08474731
  0.01836735    0.10525513
  0.01839002    0.12268066
  0.01841270    0.13565063
  0.01843537    0.14355469
  0.01845805    0.14569092
  0.01848073    0.14349365
  0.01850340    0.13769531
  0.01852608    0.12942505
  0.01854875    0.11892700
  0.01857143    0.10626221
  0.01859410    0.09344482
  0.01861678    0.07946777
  0.01863946    0.06433105
  0.01866213    0.04980469
  0.01868481    0.03573608
  0.01870748    0.02294922
  0.01873016    0.01034546
  0.01875283   -0.00183105
  0.01877551   -0.01373291
  0.01879819   -0.02536011
  0.01882086   -0.03570557
  0.01884354   -0.04501343
  0.01886621   -0.05310059
  0.01888889   -0.06030273
  0.01891156   -0.06634521
  0.01893424   -0.07019043
  0.01895692   -0.06948853
  0.01897959   -0.06390381
  0.01900227   -0.05627441
  0.01902494   -0.04949951
  0.01904762   -0.04470825
  0.01907029   -0.04290771
  0.01909297   -0.04479980
  0.01911565   -0.04953003
  0.01913832   -0.05566406
  0.01916100   -0.06341553
  0.01918367   -0.07107544
  0.01920635   -0.07821655
  0.01922902   -0.08496094
  0.01925170   -0.08999634
  0.01927438   -0.09335327
  0.01929705   -0.09521484
  0.01931973   -0.09552002
  0.01934240   -0.09576416
  0.01936508   -0.09661865
  0.01938776   -0.09832764
  0.01941043   -0.09973145
  0.01943311   -0.09954834
  0.01945578   -0.09780884
  0.01947846   -0.09347534
  0.01950113   -0.08596802
  0.01952381   -0.07730103
  0.01954649   -0.06820679
  0.01956916   -0.05831909
  0.01959184   -0.04846191
  0.01961451   -0.03927612
  0.01963719   -0.03097534
  0.01965986   -0.02426147
  0.01968254   -0.01910400
  0.01970522   -0.01498413
  0.01972789   -0.01083374
  0.01975057   -0.00646973
  0.01977324   -0.00122070
  0.01979592    0.00619507
  0.01981859    0.01348877
  0.01984127    0.02157593
  0.01986395    0.03112793
  0.01988662    0.04254150
  0.01990930    0.05560303
  0.01993197    0.07073975
  0.01995465    0.08822632
  0.01997732    0.10641479
  0.02000000    0.12545776
  0.02002268    0.14477539
  0.02004535    0.16494751
  0.02006803    0.18478394
  0.02009070    0.20349121
  0.02011338    0.22088623
  0.02013605    0.23666382
  0.02015873    0.25051880
  0.02018141    0.26245117
  0.02020408    0.27188110
  0.02022676    0.27975464
  0.02024943    0.28482056
  0.02027211    0.28674316
  0.02029478    0.28530884
  0.02031746    0.28192139
  0.02034014    0.27810669
  0.02036281    0.27371216
  0.02038549    0.26870728
  0.02040816    0.26422119
  0.02043084    0.25958252
  0.02045351    0.25442505
  0.02047619    0.24807739
  0.02049887    0.24093628
  0.02052154    0.23300171
  0.02054422    0.22427368
  0.02056689    0.21450806
  0.02058957    0.20373535
  0.02061224    0.19223022
  0.02063492    0.17971802
  0.02065760    0.16595459
  0.02068027    0.15066528
  0.02070295    0.13366699
  0.02072562    0.11636353
  0.02074830    0.09750366
  0.02077098    0.07708740
  0.02079365    0.05633545
  0.02081633    0.03585815
  0.02083900    0.01715088
  0.02086168   -0.00070190
  0.02088435   -0.01791382
  0.02090703   -0.03372192
  0.02092971   -0.04818726
  0.02095238   -0.06051636
  0.02097506   -0.07070923
  0.02099773   -0.07821655
  0.02102041   -0.08212280
  0.02104308   -0.08401489
  0.02106576   -0.08444214
  0.02108844   -0.08291626
  0.02111111   -0.07995605
  0.02113379   -0.07662964
  0.02115646   -0.07403564
  0.02117914   -0.07366943
  0.02120181   -0.07617188
  0.02122449   -0.08193970
  0.02124717   -0.09161377
  0.02126984   -0.10311890
  0.02129252   -0.11605835
  0.02131519   -0.12930298
  0.02133787   -0.14105225
  0.02136054   -0.15130615
  0.02138322   -0.16049194
  0.02140590   -0.16769409
  0.02142857   -0.17300415
  0.02145125   -0.17645264
  0.02147392   -0.17880249
  0.02149660   -0.17990112
  0.02151927   -0.18075562
  0.02154195   -0.18164063
  0.02156463   -0.18255615
  0.02158730   -0.18350220
  0.02160998   -0.18463135
  0.02163265   -0.18591309
  0.02165533   -0.18701172
  0.02167800   -0.18835449
  0.02170068   -0.18984985
  0.02172336   -0.19155884
  0.02174603   -0.19302368
  0.02176871   -0.19326782
  0.02179138   -0.19085693
  0.02181406   -0.18618774
  0.02183673   -0.17895508
  0.02185941   -0.16989136
  0.02188209   -0.15939331
  0.02190476   -0.14843750
  0.02192744   -0.13763428
  0.02195011   -0.12716675
  0.02197279   -0.11712646
  0.02199546   -0.10794067
  0.02201814   -0.10055542
  0.02204082   -0.09436035
  0.02206349   -0.08920288
  0.02208617   -0.08480835
  0.02210884   -0.07971191
  0.02213152   -0.07373047
  0.02215420   -0.06701660
  0.02217687   -0.05847168
  0.02219955   -0.04751587
  0.02222222   -0.03353882
  0.02224490   -0.01635742
  0.02226757    0.00329590
  0.02229025    0.02432251
  0.02231293    0.04544067
  0.02233560    0.06634521
  0.02235828    0.08505249
  0.02238095    0.10076904
  0.02240363    0.11312866
  0.02242630    0.12222290
  0.02244898    0.12738037
  0.02247166    0.12814331
  0.02249433    0.12460327
  0.02251701    0.11862183
  0.02253968    0.11105347
  0.02256236    0.10330200
  0.02258503    0.09561157
  0.02260771    0.08816528
  0.02263039    0.08102417
  0.02265306    0.07391357
  0.02267574    0.06658936
  0.02269841    0.05844116
  0.02272109    0.04962158
  0.02274376    0.03942871
  0.02276644    0.02786255
  0.02278912    0.01501465
  0.02281179    0.00210571
  0.02283447   -0.00933838
  0.02285714   -0.01950073
  0.02287982   -0.02761841
  0.02290249   -0.03375244
  0.02292517   -0.03759766
  0.02294785   -0.03900146
  0.02297052   -0.03839111
  0.02299320   -0.03668213
  0.02301587   -0.03436279
  0.02303855   -0.03155518
  0.02306122   -0.02914429
  0.02308390   -0.02807617
  0.02310658   -0.02835083
  0.02312925   -0.03042603
  0.02315193   -0.03384399
  0.02317460   -0.03860474
  0.02319728   -0.04428101
  0.02321995   -0.05014038
  0.02324263   -0.05572510
  0.02326531   -0.06100464
  0.02328798   -0.06665039
  0.02331066   -0.07162476
  0.02333333   -0.07562256
  0.02335601   -0.07882690
  0.02337868   -0.08154297
  0.02340136   -0.08309937
  0.02342404   -0.08343506
  0.02344671   -0.08258057
  0.02346939   -0.08038330
  0.02349206   -0.07644653
  0.02351474   -0.07141113
  0.02353741   -0.06533813
  0.02356009   -0.05856323
  0.02358277   -0.05297852
  0.02360544   -0.04846191
  0.02362812   -0.04498291
  0.02365079   -0.04281616
  0.02367347   -0.04107666
  0.02369615   -0.03958130
  0.02371882   -0.03802490
  0.02374150   -0.03674316
  0.02376417   -0.03378296
  0.02378685   -0.02850342
  0.02380952   -0.02160645
  0.02383220   -0.01226807
  0.02385488   -0.00204468
  0.02387755    0.00970459
  0.02390023    0.02243042
  0.02392290    0.03637695
  0.02394558    0.05166626
  0.02396825    0.06741333
  0.02399093    0.08392334
  0.02401361    0.10037231
  0.02403628    0.11669922
  0.02405896    0.13272095
  0.02408163    0.14898682
  0.02410431    0.16491699
  0.02412698    0.17935181
  0.02414966    0.19250488
  0.02417234    0.20379639
  0.02419501    0.21343994
  0.02421769    0.22119141
  0.02424036    0.22756958
  0.02426304    0.23284912
  0.02428571    0.23706055
  0.02430839    0.24066162
  0.02433107    0.24252319
  0.02435374    0.24301147
  0.02437642    0.24285889
  0.02439909    0.24197388
  0.02442177    0.23999023
  0.02444444    0.23684692
  0.02446712    0.23300171
  0.02448980    0.22906494
  0.02451247    0.22445679
  0.02453515    0.21893311
  0.02455782    0.21398926
  0.02458050    0.20867920
  0.02460317    0.20239258
  0.02462585    0.19494629
  0.02464853    0.18588257
  0.02467120    0.17532349
  0.02469388    0.16262817
  0.02471655    0.14865112
  0.02473923    0.13229370
  0.02476190    0.11370850
  0.02478458    0.09326172
  0.02480726    0.07092285
  0.02482993    0.04803467
  0.02485261    0.02536011
  0.02487528    0.00469971
  0.02489796   -0.01364136
  0.02492063   -0.02947998
  0.02494331   -0.04199219
  0.02496599   -0.05276489
  0.02498866   -0.06048584
  0.02501134   -0.06475830
  0.02503401   -0.06661987
  0.02505669   -0.06652832
  0.02507937   -0.06530762
  0.02510204   -0.06414795
  0.02512472   -0.06451416
  0.02514739   -0.06649780
  0.02517007   -0.06912231
  0.02519274   -0.07382202
  0.02521542   -0.08023071
  0.02523810   -0.08810425
  0.02526077   -0.09716797
  0.02528345   -0.10626221
  0.02530612   -0.11547852
  0.02532880   -0.12384033
  0.02535147   -0.13101196
  0.02537415   -0.13705444
  0.02539683   -0.14208984
  0.02541950   -0.14660645
  0.02544218   -0.15036011
  0.02546485   -0.15377808
  0.02548753   -0.15640259
  0.02551020   -0.15832520
  0.02553288   -0.15933228
  0.02555556   -0.15966797
  0.02557823   -0.15975952
  0.02560091   -0.15890503
  0.02562358   -0.15859985
  0.02564626   -0.15847778
  0.02566893   -0.15890503
  0.02569161   -0.16000366
  0.02571429   -0.16143799
  0.02573696   -0.16308594
  0.02575964   -0.16445923
  0.02578231   -0.16464233
  0.02580499   -0.16369629
  0.02582766   -0.16192627
  0.02585034   -0.15881348
  0.02587302   -0.15484619
  0.02589569   -0.15066528
  0.02591837   -0.14566040
  0.02594104   -0.14044189
  0.02596372   -0.13488770
  0.02598639   -0.12896729
  0.02600907   -0.12350464
  0.02603175   -0.11834717
  0.02605442   -0.11273193
  0.02607710   -0.10675049
  0.02609977   -0.10003662
  0.02612245   -0.09271240
  0.02614512   -0.08499146
  0.02616780   -0.07516479
  0.02619048   -0.06393433
  0.02621315   -0.05197144
  0.02623583   -0.03790283
  0.02625850   -0.02273560
  0.02628118   -0.00598145
  0.02630385    0.01165771
  0.02632653    0.02853394
  0.02634921    0.04449463
  0.02637188    0.05868530
  0.02639456    0.07119751
  0.02641723    0.08212280
  0.02643991    0.09127808
  0.02646259    0.09796143
  0.02648526    0.10299683
  0.02650794    0.10644531
  0.02653061    0.10736084
  0.02655329    0.10708618
  0.02657596    0.10577393
  0.02659864    0.10296631
  0.02662132    0.09945679
  0.02664399    0.09460449
  0.02666667    0.08898926
  0.02668934    0.08322144
  0.02671202    0.07608032
  0.02673469    0.06823730
  0.02675737    0.05987549
  0.02678005    0.05062866
  0.02680272    0.04052734
  0.02682540    0.03021240
  0.02684807    0.01971436
  0.02687075    0.01016235
  0.02689342    0.00085449
  0.02691610   -0.00744629
  0.02693878   -0.01449585
  0.02696145   -0.02005005
  0.02698413   -0.02389526
  0.02700680   -0.02593994
  0.02702948   -0.02639771
  0.02705215   -0.02560425
  0.02707483   -0.02416992
  0.02709751   -0.02294922
  0.02712018   -0.02191162
  0.02714286   -0.02154541
  0.02716553   -0.02246094
  0.02718821   -0.02447510
  0.02721088   -0.02792358
  0.02723356   -0.03170776
  0.02725624   -0.03533936
  0.02727891   -0.03927612
  0.02730159   -0.04458618
  0.02732426   -0.05017090
  0.02734694   -0.05566406
  0.02736961   -0.06011963
  0.02739229   -0.06323242
  0.02741497   -0.06503296
  0.02743764   -0.06546021
  0.02746032   -0.06402588
  0.02748299   -0.06204224
  0.02750567   -0.05935669
  0.02752834   -0.05664063
  0.02755102   -0.05361938
  0.02757370   -0.05090332
  0.02759637   -0.04968262
  0.02761905   -0.04974365
  0.02764172   -0.05114746
  0.02766440   -0.05279541
  0.02768707   -0.05413818
  0.02770975   -0.05523682
  0.02773243   -0.05545044
  0.02775510   -0.05551147
  0.02777778   -0.05551147
  0.02780045   -0.05487061
  0.02782313   -0.05242920
  0.02784580   -0.04785156
  0.02786848   -0.04101563
  0.02789116   -0.03173828
  0.02791383   -0.02056885
  0.02793651   -0.00793457
  0.02795918    0.00634766
  0.02798186    0.02197266
  0.02800454    0.03906250
  0.02802721    0.05676270
  0.02804989    0.07415771
  0.02807256    0.09112549
  0.02809524    0.10665894
  0.02811791    0.12081909
  0.02814059    0.13415527
  0.02816327    0.14627075
  0.02818594    0.15716553
  0.02820862    0.16717529
  0.02823129    0.17556763
  0.02825397    0.18234253
  0.02827664    0.18789673
  0.02829932    0.19198608
  0.02832200    0.19558716
  0.02834467    0.19860840
  0.02836735    0.20135498
  0.02839002    0.20370483
  0.02841270    0.20532227
  0.02843537    0.20727539
  0.02845805    0.20947266
  0.02848073    0.21148682
  0.02850340    0.21386719
  0.02852608    0.21658325
  0.02854875    0.21829224
  0.02857143    0.21884155
  0.02859410    0.21795654
  0.02861678    0.21496582
  0.02863946    0.20910645
  0.02866213    0.19995117
  0.02868481    0.18820190
  0.02870748    0.17422485
  0.02873016    0.15841675
  0.02875283    0.14160156
  0.02877551    0.12399292
  0.02879819    0.10559082
  0.02882086    0.08682251
  0.02884354    0.06774902
  0.02886621    0.04953003
  0.02888889    0.03262329
  0.02891156    0.01751709
  0.02893424    0.00445557
  0.02895692   -0.00604248
  0.02897959   -0.01419067
  0.02900227   -0.02044678
  0.02902494   -0.02560425
  0.02904762   -0.03039551
  0.02907029   -0.03475952
  0.02909297   -0.03884888
  0.02911565   -0.04309082
  0.02913832   -0.04769897
  0.02916100   -0.05319214
  0.02918367   -0.05911255
  0.02920635   -0.06518555
  0.02922902   -0.07131958
  0.02925170   -0.07760620
  0.02927438   -0.08416748
  0.02929705   -0.09106445
  0.02931973   -0.09780884
  0.02934240   -0.10452271
  0.02936508   -0.11111450
  0.02938776   -0.11657715
  0.02941043   -0.12097168
  0.02943311   -0.12493896
  0.02945578   -0.12823486
  0.02947846   -0.13137817
  0.02950113   -0.13406372
  0.02952381   -0.13595581
  0.02954649   -0.13726807
  0.02956916   -0.13793945
  0.02959184   -0.13848877
  0.02961451   -0.13928223
  0.02963719   -0.13967896
  0.02965986   -0.14041138
  0.02968254   -0.14126587
  0.02970522   -0.14212036
  0.02972789   -0.14276123
  0.02975057   -0.14321899
  0.02977324   -0.14358521
  0.02979592   -0.14395142
  0.02981859   -0.14419556
  0.02984127   -0.14392090
  0.02986395   -0.14321899
  0.02988662   -0.14224243
  0.02990930   -0.14077759
  0.02993197   -0.13858032
  0.02995465   -0.13638306
  0.02997732   -0.13391113
  0.03000000   -0.13116455
  0.03002268   -0.12835693
  0.03004535   -0.12530518
  0.03006803   -0.12188721
  0.03009070   -0.11798096
  0.03011338   -0.11334229
  0.03013605   -0.10742188
  0.03015873   -0.09921265
  0.03018141   -0.08871460
  0.03020408   -0.07681274
  0.03022676   -0.06372070
  0.03024943   -0.05014038
  0.03027211   -0.03619385
  0.03029478   -0.02163696
  0.03031746   -0.00683594
  0.03034014    0.00799561
  0.03036281    0.02233887
  0.03038549    0.03536987
  0.03040816    0.04739380
  0.03043084    0.05831909
  0.03045351    0.06787109
  0.03047619    0.07620239
  0.03049887    0.08300781
  0.03052154    0.08853149
  0.03054422    0.09292603
  0.03056689    0.09640503
  0.03058957    0.09826660
  0.03061224    0.09890747
  0.03063492    0.09896851
  0.03065760    0.09771729
  0.03068027    0.09527588
  0.03070295    0.09155273
  0.03072562    0.08691406
  0.03074830    0.08172607
  0.03077098    0.07537842
  0.03079365    0.06845093
  0.03081633    0.06048584
  0.03083900    0.05154419
  0.03086168    0.04132080
  0.03088435    0.03021240
  0.03090703    0.01889038
  0.03092971    0.00820923
  0.03095238   -0.00100708
  0.03097506   -0.00857544
  0.03099773   -0.01431274
  0.03102041   -0.01852417
  0.03104308   -0.02151489
  0.03106576   -0.02252197
  0.03108844   -0.02252197
  0.03111111   -0.02185059
  0.03113379   -0.02191162
  0.03115646   -0.02285767
  0.03117914   -0.02481079
  0.03120181   -0.02764893
  0.03122449   -0.03106689
  0.03124717   -0.03479004
  0.03126984   -0.03817749
  0.03129252   -0.04156494
  0.03131519   -0.04458618
  0.03133787   -0.04745483
  0.03136054   -0.04986572
  0.03138322   -0.05117798
  0.03140590   -0.05178833
  0.03142857   -0.05178833
  0.03145125   -0.05181885
  0.03147392   -0.05230713
  0.03149660   -0.05322266
  0.03151927   -0.05444336
  0.03154195   -0.05578613
  0.03156463   -0.05691528
  0.03158730   -0.05789185
  0.03160998   -0.05868530
  0.03163265   -0.05920410
  0.03165533   -0.05908203
  0.03167800   -0.05856323
  0.03170068   -0.05786133
  0.03172336   -0.05712891
  0.03174603   -0.05718994
  0.03176871   -0.05731201
  0.03179138   -0.05734253
  0.03181406   -0.05694580
  0.03183673   -0.05584717
  0.03185941   -0.05291748
  0.03188209   -0.04840088
  0.03190476   -0.04177856
  0.03192744   -0.03350830
  0.03195011   -0.02420044
  0.03197279   -0.01333618
  0.03199546   -0.00106812
  0.03201814    0.01211548
  0.03204082    0.02682495
  0.03206349    0.04220581
  0.03208617    0.05841064
  0.03210884    0.07434082
  0.03213152    0.08911133
  0.03215420    0.10232544
  0.03217687    0.11450195
  0.03219955    0.12496948
  0.03222222    0.13369751
  0.03224490    0.14108276
  0.03226757    0.14706421
  0.03229025    0.15209961
  0.03231293    0.15625000
  0.03233560    0.15957642
  0.03235828    0.16302490
  0.03238095    0.16662598
  0.03240363    0.17028809
  0.03242630    0.17465210
  0.03244898    0.17941284
  0.03247166    0.18478394
  0.03249433    0.19067383
  0.03251701    0.19656372
  0.03253968    0.20172119
  0.03256236    0.20574951
  0.03258503    0.20785522
  0.03260771    0.20800781
  0.03263039    0.20645142
  0.03265306    0.20266724
  0.03267574    0.19696045
  0.03269841    0.18933105
  0.03272109    0.18002319
  0.03274376    0.16894531
  0.03276644    0.15606689
  0.03278912    0.14184570
  0.03281179    0.12667847
  0.03283447    0.11071777
  0.03285714    0.09411621
  0.03287982    0.07812500
  0.03290249    0.06283569
  0.03292517    0.04867554
  0.03294785    0.03598022
  0.03297052    0.02481079
  0.03299320    0.01559448
  0.03301587    0.00808716
  0.03303855    0.00189209
  0.03306122   -0.00320435
  0.03308390   -0.00814819
  0.03310658   -0.01345825
  0.03312925   -0.01937866
  0.03315193   -0.02606201
  0.03317460   -0.03414917
  0.03319728   -0.04241943
  0.03321995   -0.05062866
  0.03324263   -0.05889893
  0.03326531   -0.06713867
  0.03328798   -0.07464600
  0.03331066   -0.08181763
  0.03333333   -0.08843994
  0.03335601   -0.09387207
  0.03337868   -0.09829712
  0.03340136   -0.10192871
  0.03342404   -0.10461426
  0.03344671   -0.10675049
  0.03346939   -0.10885620
  0.03349206   -0.11083984
  0.03351474   -0.11279297
  0.03353741   -0.11502075
  0.03356009   -0.11727905
  0.03358277   -0.11938477
  0.03360544   -0.12152100
  0.03362812   -0.12362671
  0.03365079   -0.12561035
  0.03367347   -0.12744141
  0.03369615   -0.12878418
  0.03371882   -0.12991333
  0.03374150   -0.13070679
  0.03376417   -0.13073730
  0.03378685   -0.13055420
  0.03380952   -0.13021851
  0.03383220   -0.12985229
  0.03385488   -0.12960815
  0.03387755   -0.12951660
  0.03390023   -0.12982178
  0.03392290   -0.13040161
  0.03394558   -0.13116455
  0.03396825   -0.13180542
  0.03399093   -0.13262939
  0.03401361   -0.13320923
  0.03403628   -0.13360596
  0.03405896   -0.13314819
  0.03408163   -0.13171387
  0.03410431   -0.12872314
  0.03412698   -0.12356567
  0.03414966   -0.11669922
  0.03417234   -0.10824585
  0.03419501   -0.09835815
  0.03421769   -0.08755493
  0.03424036   -0.07589722
  0.03426304   -0.06390381
  0.03428571   -0.05194092
  0.03430839   -0.04019165
  0.03433107   -0.02828979
  0.03435374   -0.01647949
  0.03437642   -0.00463867
  0.03439909    0.00708008
  0.03442177    0.01855469
  0.03444444    0.02981567
  0.03446712    0.04071045
  0.03448980    0.05102539
  0.03451247    0.06063843
  0.03453515    0.06930542
  0.03455782    0.07717896
  0.03458050    0.08428955
  0.03460317    0.09048462
  0.03462585    0.09512329
  0.03464853    0.09820557
  0.03467120    0.09991455
  0.03469388    0.10009766
  0.03471655    0.09915161
  0.03473923    0.09671021
  0.03476190    0.09307861
  0.03478458    0.08792114
  0.03480726    0.08184814
  0.03482993    0.07498169
  0.03485261    0.06713867
  0.03487528    0.05868530
  0.03489796    0.04953003
  0.03492063    0.04006958
  0.03494331    0.03063965
  0.03496599    0.02148438
  0.03498866    0.01281738
  0.03501134    0.00549316
  0.03503401   -0.00079346
  0.03505669   -0.00595093
  0.03507937   -0.00991821
  0.03510204   -0.01278687
  0.03512472   -0.01492310
  0.03514739   -0.01629639
  0.03517007   -0.01727295
  0.03519274   -0.01824951
  0.03521542   -0.01940918
  0.03523810   -0.02062988
  0.03526077   -0.02221680
  0.03528345   -0.02392578
  0.03530612   -0.02597046
  0.03532880   -0.02780151
  0.03535147   -0.02978516
  0.03537415   -0.03204346
  0.03539683   -0.03466797
  0.03541950   -0.03781128
  0.03544218   -0.04144287
  0.03546485   -0.04547119
  0.03548753   -0.04980469
  0.03551020   -0.05416870
  0.03553288   -0.05810547
  0.03555556   -0.06155396
  0.03557823   -0.06433105
  0.03560091   -0.06649780
  0.03562358   -0.06790161
  0.03564626   -0.06869507
  0.03566893   -0.06912231
  0.03569161   -0.06951904
  0.03571429   -0.06994629
  0.03573696   -0.07058716
  0.03575964   -0.07116699
  0.03578231   -0.07153320
  0.03580499   -0.07159424
  0.03582766   -0.07131958
  0.03585034   -0.07077026
  0.03587302   -0.06927490
  0.03589569   -0.06646729
  0.03591837   -0.06231689
  0.03594104   -0.05667114
  0.03596372   -0.04946899
  0.03598639   -0.04055786
  0.03600907   -0.03018188
  0.03603175   -0.01864624
  0.03605442   -0.00625610
  0.03607710    0.00668335
  0.03609977    0.01998901
  0.03612245    0.03320313
  0.03614512    0.04635620
  0.03616780    0.05889893
  0.03619048    0.07104492
  0.03621315    0.08242798
  0.03623583    0.09286499
  0.03625850    0.10260010
  0.03628118    0.11117554
  0.03630385    0.11868286
  0.03632653    0.12515259
  0.03634921    0.13073730
  0.03637188    0.13616943
  0.03639456    0.14144897
  0.03641723    0.14669800
  0.03643991    0.15191650
  0.03646259    0.15747070
  0.03648526    0.16323853
  0.03650794    0.16931152
  0.03653061    0.17584229
  0.03655329    0.18255615
  0.03657596    0.18911743
  0.03659864    0.19500732
  0.03662132    0.19958496
  0.03664399    0.20263672
  0.03666667    0.20373535
  0.03668934    0.20272827
  0.03671202    0.19964600
  0.03673469    0.19427490
  0.03675737    0.18664551
  0.03678005    0.17709351
  0.03680272    0.16589355
  0.03682540    0.15356445
  0.03684807    0.14019775
  0.03687075    0.12646484
  0.03689342    0.11340332
  0.03691610    0.10104370
  0.03693878    0.08950806
  0.03696145    0.07888794
  0.03698413    0.06918335
  0.03700680    0.06005859
  0.03702948    0.05169678
  0.03705215    0.04394531
  0.03707483    0.03646851
  0.03709751    0.02883911
  0.03712018    0.02105713
  0.03714286    0.01315308
  0.03716553    0.00460815
  0.03718821   -0.00424194
  0.03721088   -0.01364136
  0.03723356   -0.02316284
  0.03725624   -0.03259277
  0.03727891   -0.04153442
  0.03730159   -0.05004883
  0.03732426   -0.05804443
  0.03734694   -0.06536865
  0.03736961   -0.07205200
  0.03739229   -0.07788086
  0.03741497   -0.08343506
  0.03743764   -0.08807373
  0.03746032   -0.09213257
  0.03748299   -0.09555054
  0.03750567   -0.09851074
  0.03752834   -0.10125732
  0.03755102   -0.10394287
  0.03757370   -0.10681152
  0.03759637   -0.10949707
  0.03761905   -0.11187744
  0.03764172   -0.11389160
  0.03766440   -0.11538696
  0.03768707   -0.11624146
  0.03770975   -0.11672974
  0.03773243   -0.11706543
  0.03775510   -0.11773682
  0.03777778   -0.11856079
  0.03780045   -0.11962891
  0.03782313   -0.12112427
  0.03784580   -0.12274170
  0.03786848   -0.12435913
  0.03789116   -0.12625122
  0.03791383   -0.12829590
  0.03793651   -0.13040161
  0.03795918   -0.13247681
  0.03798186   -0.13439941
  0.03800454   -0.13565063
  0.03802721   -0.13641357
  0.03804989   -0.13641357
  0.03807256   -0.13562012
  0.03809524   -0.13391113
  0.03811791   -0.13165283
  0.03814059   -0.12866211
  0.03816327   -0.12460327
  0.03818594   -0.11929321
  0.03820862   -0.11303711
  0.03823129   -0.10559082
  0.03825397   -0.09716797
  0.03827664   -0.08831787
  0.03829932   -0.07907104
  0.03832200   -0.06936646
  0.03834467   -0.05926514
  0.03836735   -0.04901123
  0.03839002   -0.03845215
  0.03841270   -0.02737427
  0.03843537   -0.01596069
  0.03845805   -0.00448608
  0.03848073    0.00671387
  0.03850340    0.01803589
  0.03852608    0.02871704
  0.03854875    0.03894043
  0.03857143    0.04818726
  0.03859410    0.05715942
  0.03861678    0.06539917
  0.03863946    0.07275391
  0.03866213    0.07910156
  0.03868481    0.08398438
  0.03870748    0.08721924
  0.03873016    0.08868408
  0.03875283    0.08859253
  0.03877551    0.08688354
  0.03879819    0.08407593
  0.03882086    0.07989502
  0.03884354    0.07461548
  0.03886621    0.06860352
  0.03888889    0.06195068
  0.03891156    0.05456543
  0.03893424    0.04727173
  0.03895692    0.04022217
  0.03897959    0.03341675
  0.03900227    0.02697754
  0.03902494    0.02111816
  0.03904762    0.01583862
  0.03907029    0.01092529
  0.03909297    0.00680542
  0.03911565    0.00308228
  0.03913832   -0.00006104
  0.03916100   -0.00292969
  0.03918367   -0.00531006
  0.03920635   -0.00741577
  0.03922902   -0.00888062
  0.03925170   -0.00994873
  0.03927438   -0.01074219
  0.03929705   -0.01123047
  0.03931973   -0.01174927
  0.03934240   -0.01196289
  0.03936508   -0.01266479
  0.03938776   -0.01339722
  0.03941043   -0.01464844
  0.03943311   -0.01620483
  0.03945578   -0.01834106
  0.03947846   -0.02087402
  0.03950113   -0.02355957
  0.03952381   -0.02694702
  0.03954649   -0.03057861
  0.03956916   -0.03454590
  0.03959184   -0.03878784
  0.03961451   -0.04302979
  0.03963719   -0.04730225
  0.03965986   -0.05123901
  0.03968254   -0.05508423
  0.03970522   -0.05859375
  0.03972789   -0.06127930
  0.03975057   -0.06353760
  0.03977324   -0.06552124
  0.03979592   -0.06704712
  0.03981859   -0.06829834
  0.03984127   -0.06878662
  0.03986395   -0.06866455
  0.03988662   -0.06787109
  0.03990930   -0.06637573
  0.03993197   -0.06402588
  0.03995465   -0.06100464
  0.03997732   -0.05709839
  0.04000000   -0.05197144
  0.04002268   -0.04574585
  0.04004535   -0.03817749
  0.04006803   -0.02954102
  0.04009070   -0.01986694
  0.04011338   -0.00991821
  0.04013605    0.00045776
  0.04015873    0.01080322
  0.04018141    0.02105713
  0.04020408    0.03070068
  0.04022676    0.03970337
  0.04024943    0.04815674
  0.04027211    0.05603027
  0.04029478    0.06359863
  0.04031746    0.07089233
  0.04034014    0.07794189
  0.04036281    0.08520508
  0.04038549    0.09231567
  0.04040816    0.09973145
  0.04043084    0.10733032
  0.04045351    0.11544800
  0.04047619    0.12377930
  0.04049887    0.13241577
  0.04052154    0.14093018
  0.04054422    0.14913940
  0.04056689    0.15701294
  0.04058957    0.16406250
  0.04061224    0.17041016
  0.04063492    0.17572021
  0.04065760    0.17956543
  0.04068027    0.18231201
  0.04070295    0.18334961
  0.04072562    0.18286133
  0.04074830    0.18081665
  0.04077098    0.17730713
  0.04079365    0.17230225
  0.04081633    0.16625977
  0.04083900    0.15914917
  0.04086168    0.15121460
  0.04088435    0.14276123
  0.04090703    0.13406372
  0.04092971    0.12512207
  0.04095238    0.11627197
  0.04097506    0.10733032
  0.04099773    0.09881592
  0.04102041    0.09036255
  0.04104308    0.08224487
  0.04106576    0.07418823
  0.04108844    0.06616211
  0.04111111    0.05816650
  0.04113379    0.04989624
  0.04115646    0.04171753
  0.04117914    0.03292847
  0.04120181    0.02401733
  0.04122449    0.01470947
  0.04124717    0.00515747
  0.04126984   -0.00439453
  0.04129252   -0.01391602
  0.04131519   -0.02334595
  0.04133787   -0.03204346
  0.04136054   -0.03997803
  0.04138322   -0.04718018
  0.04140590   -0.05355835
  0.04142857   -0.05892944
  0.04145125   -0.06335449
  0.04147392   -0.06726074
  0.04149660   -0.07055664
  0.04151927   -0.07330322
  0.04154195   -0.07586670
  0.04156463   -0.07830811
  0.04158730   -0.08078003
  0.04160998   -0.08352661
  0.04163265   -0.08624268
  0.04165533   -0.08923340
  0.04167800   -0.09201050
  0.04170068   -0.09475708
  0.04172336   -0.09722900
  0.04174603   -0.09960938
  0.04176871   -0.10140991
  0.04179138   -0.10293579
  0.04181406   -0.10443115
  0.04183673   -0.10568237
  0.04185941   -0.10678101
  0.04188209   -0.10818481
  0.04190476   -0.10989380
  0.04192744   -0.11154175
  0.04195011   -0.11331177
  0.04197279   -0.11578369
  0.04199546   -0.11834717
  0.04201814   -0.12091064
  0.04204082   -0.12350464
  0.04206349   -0.12606812
  0.04208617   -0.12805176
  0.04210884   -0.12939453
  0.04213152   -0.13012695
  0.04215420   -0.12973022
  0.04217687   -0.12835693
  0.04219955   -0.12588501
  0.04222222   -0.12258911
  0.04224490   -0.11810303
  0.04226757   -0.11267090
  0.04229025   -0.10610962
  0.04231293   -0.09893799
  0.04233560   -0.09075928
  0.04235828   -0.08151245
  0.04238095   -0.07214355
  0.04240363   -0.06231689
  0.04242630   -0.05242920
  0.04244898   -0.04232788
  0.04247166   -0.03259277
  0.04249433   -0.02276611
  0.04251701   -0.01290894
  0.04253968   -0.00332642
  0.04256236    0.00628662
  0.04258503    0.01531982
  0.04260771    0.02398682
  0.04263039    0.03244019
  0.04265306    0.04006958
  0.04267574    0.04711914
  0.04269841    0.05361938
  0.04272109    0.05929565
  0.04274376    0.06393433
  0.04276644    0.06747437
  0.04278912    0.06964111
  0.04281179    0.07058716
  0.04283447    0.07043457
  0.04285714    0.06903076
  0.04287982    0.06661987
  0.04290249    0.06332397
  0.04292517    0.05895996
  0.04294785    0.05383301
  0.04297052    0.04812622
  0.04299320    0.04177856
  0.04301587    0.03567505
  0.04303855    0.02947998
  0.04306122    0.02371216
  0.04308390    0.01821899
  0.04310658    0.01324463
  0.04312925    0.00848389
  0.04315193    0.00451660
  0.04317460    0.00073242
  0.04319728   -0.00225830
  0.04321995   -0.00454712
  0.04324263   -0.00637817
  0.04326531   -0.00765991
  0.04328798   -0.00857544
  0.04331066   -0.00888062
  0.04333333   -0.00906372
  0.04335601   -0.00888062
  0.04337868   -0.00857544
  0.04340136   -0.00833130
  0.04342404   -0.00833130
  0.04344671   -0.00875854
  0.04346939   -0.00979614
  0.04349206   -0.01171875
  0.04351474   -0.01434326
  0.04353741   -0.01794434
  0.04356009   -0.02206421
  0.04358277   -0.02688599
  0.04360544   -0.03192139
  0.04362812   -0.03686523
  0.04365079   -0.04177856
  0.04367347   -0.04629517
  0.04369615   -0.05017090
  0.04371882   -0.05352783
  0.04374150   -0.05615234
  0.04376417   -0.05841064
  0.04378685   -0.06002808
  0.04380952   -0.06124878
  0.04383220   -0.06225586
  0.04385488   -0.06268311
  0.04387755   -0.06277466
  0.04390023   -0.06231689
  0.04392290   -0.06167603
  0.04394558   -0.06051636
  0.04396825   -0.05874634
  0.04399093   -0.05651855
  0.04401361   -0.05355835
  0.04403628   -0.04980469
  0.04405896   -0.04522705
  0.04408163   -0.03933716
  0.04410431   -0.03240967
  0.04412698   -0.02447510
  0.04414966   -0.01571655
  0.04417234   -0.00665283
  0.04419501    0.00283813
  0.04421769    0.01223755
  0.04424036    0.02151489
  0.04426304    0.03039551
  0.04428571    0.03906250
  0.04430839    0.04742432
  0.04433107    0.05520630
  0.04435374    0.06250000
  0.04437642    0.06973267
  0.04439909    0.07681274
  0.04442177    0.08364868
  0.04444444    0.09048462
  0.04446712    0.09762573
  0.04448980    0.10479736
  0.04451247    0.11227417
  0.04453515    0.11968994
  0.04455782    0.12738037
  0.04458050    0.13497925
  0.04460317    0.14239502
  0.04462585    0.14956665
  0.04464853    0.15621948
  0.04467120    0.16204834
  0.04469388    0.16711426
  0.04471655    0.17089844
  0.04473923    0.17358398
  0.04476190    0.17468262
  0.04478458    0.17431641
  0.04480726    0.17248535
  0.04482993    0.16928101
  0.04485261    0.16476440
  0.04487528    0.15914917
  0.04489796    0.15277100
  0.04492063    0.14556885
  0.04494331    0.13827515
  0.04496599    0.13052368
  0.04498866    0.12261963
  0.04501134    0.11477661
  0.04503401    0.10687256
  0.04505669    0.09893799
  0.04507937    0.09115601
  0.04510204    0.08325195
  0.04512472    0.07516479
  0.04514739    0.06710815
  0.04517007    0.05911255
  0.04519274    0.05084229
  0.04521542    0.04244995
  0.04523810    0.03387451
  0.04526077    0.02545166
  0.04528345    0.01678467
  0.04530612    0.00778198
  0.04532880   -0.00103760
  0.04535147   -0.00988770
  0.04537415   -0.01849365
  0.04539683   -0.02697754
  0.04541950   -0.03494263
  0.04544218   -0.04241943
  0.04546485   -0.04907227
  0.04548753   -0.05484009
  0.04551020   -0.05966187
  0.04553288   -0.06372070
  0.04555556   -0.06713867
  0.04557823   -0.07006836
  0.04560091   -0.07238770
  0.04562358   -0.07464600
  0.04564626   -0.07681274
  0.04566893   -0.07876587
  0.04569161   -0.08071899
  0.04571429   -0.08285522
  0.04573696   -0.08459473
  0.04575964   -0.08673096
  0.04578231   -0.08874512
  0.04580499   -0.09088135
  0.04582766   -0.09292603
  0.04585034   -0.09530640
  0.04587302   -0.09780884
  0.04589569   -0.09988403
  0.04591837   -0.10220337
  0.04594104   -0.10446167
  0.04596372   -0.10653687
  0.04598639   -0.10867310
  0.04600907   -0.11090088
  0.04603175   -0.11285400
  0.04605442   -0.11520386
  0.04607710   -0.11743164
  0.04609977   -0.11935425
  0.04612245   -0.12112427
  0.04614512   -0.12237549
  0.04616780   -0.12307739
  0.04619048   -0.12307739
  0.04621315   -0.12271118
  0.04623583   -0.12142944
  0.04625850   -0.11959839
  0.04628118   -0.11709595
  0.04630385   -0.11376953
  0.04632653   -0.11004639
  0.04634921   -0.10534668
  0.04637188   -0.09979248
  0.04639456   -0.09335327
  0.04641723   -0.08593750
  0.04643991   -0.07769775
  0.04646259   -0.06900024
  0.04648526   -0.05966187
  0.04650794   -0.05010986
  0.04653061   -0.04040527
  0.04655329   -0.03054810
  0.04657596   -0.02108765
  0.04659864   -0.01141357
  0.04662132   -0.00201416
  0.04664399    0.00704956
  0.04666667    0.01577759
  0.04668934    0.02410889
  0.04671202    0.03204346
  0.04673469    0.03948975
  0.04675737    0.04632568
  0.04678005    0.05206299
  0.04680272    0.05679321
  0.04682540    0.06033325
  0.04684807    0.06286621
  0.04687075    0.06387329
  0.04689342    0.06375122
  0.04691610    0.06277466
  0.04693878    0.06060791
  0.04696145    0.05767822
  0.04698413    0.05395508
  0.04700680    0.04971313
  0.04702948    0.04498291
  0.04705215    0.04000854
  0.04707483    0.03494263
  0.04709751    0.02984619
  0.04712018    0.02502441
  0.04714286    0.02041626
  0.04716553    0.01614380
  0.04718821    0.01217651
  0.04721088    0.00875854
  0.04723356    0.00601196
  0.04725624    0.00372314
  0.04727891    0.00216675
  0.04730159    0.00109863
  0.04732426    0.00033569
  0.04734694   -0.00015259
  0.04736961   -0.00039673
  0.04739229   -0.00070190
  0.04741497   -0.00106812
  0.04743764   -0.00170898
  0.04746032   -0.00268555
  0.04748299   -0.00384521
  0.04750567   -0.00549316
  0.04752834   -0.00753784
  0.04755102   -0.01004028
  0.04757370   -0.01300049
  0.04759637   -0.01647949
  0.04761905   -0.02017212
  0.04764172   -0.02401733
  0.04766440   -0.02816772
  0.04768707   -0.03237915
  0.04770975   -0.03634644
  0.04773243   -0.04071045
  0.04775510   -0.04479980
  0.04777778   -0.04843140
  0.04780045   -0.05187988
  0.04782313   -0.05484009
  0.04784580   -0.05758667
  0.04786848   -0.05978394
  0.04789116   -0.06137085
  0.04791383   -0.06268311
  0.04793651   -0.06344604
  0.04795918   -0.06350708
  0.04798186   -0.06326294
  0.04800454   -0.06219482
  0.04802721   -0.06048584
  0.04804989   -0.05828857
  0.04807256   -0.05523682
  0.04809524   -0.05163574
  0.04811791   -0.04705811
  0.04814059   -0.04162598
  0.04816327   -0.03524780
  0.04818594   -0.02841187
  0.04820862   -0.02066040
  0.04823129   -0.01275635
  0.04825397   -0.00463867
  0.04827664    0.00326538
  0.04829932    0.01095581
  0.04832200    0.01837158
  0.04834467    0.02554321
  0.04836735    0.03280640
  0.04839002    0.04010010
  0.04841270    0.04754639
  0.04843537    0.05511475
  0.04845805    0.06289673
  0.04848073    0.07061768
  0.04850340    0.07839966
  0.04852608    0.08621216
  0.04854875    0.09414673
  0.04857143    0.10223389
  0.04859410    0.11041260
  0.04861678    0.11856079
  0.04863946    0.12643433
  0.04866213    0.13385010
  0.04868481    0.14080811
  0.04870748    0.14706421
  0.04873016    0.15234375
  0.04875283    0.15667725
  0.04877551    0.16015625
  0.04879819    0.16232300
  0.04882086    0.16336060
  0.04884354    0.16299438
  0.04886621    0.16149902
  0.04888889    0.15899658
  0.04891156    0.15548706
  0.04893424    0.15161133
  0.04895692    0.14715576
  0.04897959    0.14242554
  0.04900227    0.13726807
  0.04902494    0.13177490
  0.04904762    0.12615967
  0.04907029    0.12023926
  0.04909297    0.11441040
  0.04911565    0.10821533
  0.04913832    0.10186768
  0.04916100    0.09567261
  0.04918367    0.08908081
  0.04920635    0.08212280
  0.04922902    0.07458496
  0.04925170    0.06640625
  0.04927438    0.05798340
  0.04929705    0.04885864
  0.04931973    0.03994751
  0.04934240    0.03076172
  0.04936508    0.02120972
  0.04938776    0.01187134
  0.04941043    0.00265503
  0.04943311   -0.00631714
  0.04945578   -0.01510620
  0.04947846   -0.02304077
  0.04950113   -0.03027344
  0.04952381   -0.03680420
  0.04954649   -0.04226685
  0.04956916   -0.04681396
  0.04959184   -0.05065918
  0.04961451   -0.05422974
  0.04963719   -0.05743408
  0.04965986   -0.06005859
  0.04968254   -0.06265259
  0.04970522   -0.06512451
  0.04972789   -0.06756592
  0.04975057   -0.07015991
  0.04977324   -0.07287598
  0.04979592   -0.07574463
  0.04981859   -0.07910156
  0.04984127   -0.08245850
  0.04986395   -0.08596802
  0.04988662   -0.08956909
  0.04990930   -0.09280396
  0.04993197   -0.09594727
  0.04995465   -0.09884644
  0.04997732   -0.10165405
  0.05000000   -0.10379028
